  5.1993767e-002  2.2570989e+002  1.7847937e+000
  4.2117027e-001  2.2154747e+003  6.3195070e+001
  1.0392287e+000  6.8046555e+003  2.7234725e+002
  1.7742082e+000  1.1677114e+004  7.9215762e+001
  4.8432039e-001  2.6290749e+003  4.6653700e+001
  7.3414035e-002  3.3070573e+002  6.8630633e+000
  3.7082449e-002  1.5530783e+002  1.0227605e+001
  3.9530859e-001  2.1180463e+003  2.8679602e+001
  4.2127891e-001  2.2096822e+003  4.2912028e+001
  1.8488488e+000  1.1609070e+004  4.2938150e+002
  1.1304775e+000  7.1120006e+003  1.5023074e+001
  1.7704642e+000  1.1837042e+004  4.5592817e+002
  6.7917737e-001  3.7012392e+003  3.0042943e+002
  4.5005615e-001  2.4363291e+003  2.4513532e+001
  1.1379952e+000  6.6397050e+003  2.5660020e+002
  1.5603756e+000  1.0573540e+004  2.2457783e+002
  1.8437884e+000  1.1837413e+004  2.6259469e+002
  1.4207593e+000  9.2025719e+003  2.2779250e+002
  2.8885053e-001  1.4765954e+003  2.4521673e+001
  1.9586809e+000  1.2753248e+004  3.4690921e+002
  1.6351394e+000  1.0779859e+004  1.1590529e+002
  5.6825610e-001  3.2160652e+003  3.3663956e+001
  1.4760212e+000  9.4806302e+003  1.1872971e+002
  4.9931588e-001  2.7474115e+003  2.5101359e+001
  1.3076373e+000  8.1138390e+003  7.6789955e+002
  1.2996074e+000  8.4164777e+003  1.6283494e+002
  1.7664691e+000  1.1805322e+004  5.2438248e+002
  1.0217647e+000  6.3346093e+003  5.8900182e+000
  1.9943860e+000  1.3428188e+004  7.7654131e+001
  1.8269314e-001  8.6764942e+002  9.2366309e+000
  8.6575860e-001  5.3416463e+003  2.0122714e+002
  1.5512755e+000  1.0273451e+004  2.0461601e+002
  1.7776369e+000  1.2021293e+004  2.2030668e+002
  7.3988619e-001  4.3833536e+003  2.1212625e+002
  1.9088159e+000  1.3514545e+004  6.6697060e+002
  1.0779619e+000  6.8545800e+003  6.8917519e+001
  1.8490870e+000  1.2697419e+004  6.6667411e+002
  9.7116657e-001  5.6665810e+003  2.6556562e+002
  8.1072187e-001  5.0281647e+003  2.4691030e+002
  6.1430227e-001  3.5054877e+003  1.1357729e+001
  5.7166078e-001  3.2502458e+003  6.8814272e+001
  1.7469613e+000  1.1304171e+004  4.6658687e+002
  1.4864789e+000  9.5688016e+003  1.8465848e+002
  1.4086171e+000  9.1914355e+003  1.3924937e+002
  1.3798683e+000  8.9768938e+003  3.9324618e+002
  2.5028173e-001  1.2431436e+003  1.2032759e+001
  1.4893761e+000  9.8952762e+003  4.6960155e+002
  7.3552974e-001  4.0706165e+003  8.9753786e+001
  9.0351676e-001  5.4641532e+003  1.8296836e+001
  7.4487188e-001  4.2766785e+003  1.1116898e+002
  4.0124162e-001  2.1007424e+003  2.3448234e+001
  1.1393715e+000  6.9573853e+003  2.5934666e+002
  1.9996069e+000  1.3942725e+004  8.1226614e+002
  1.0907257e+000  6.6569090e+003  2.3827271e+002
  1.7161513e+000  1.0725938e+004  6.1089418e+002
  3.1423694e-001  1.6671508e+003  4.7534759e+001
  1.4407720e+000  9.3130432e+003  2.8765018e+002
  1.5007000e+000  9.6648791e+003  4.6056648e+002
  3.8346218e-001  2.1092405e+003  4.3692557e+001
  1.2254005e+000  7.7182833e+003  6.7223715e+001
  3.3325905e-002  1.4196108e+002  2.6800863e+000
  1.7741662e+000  1.1830677e+004  2.2911369e+002
  2.5791527e-001  1.2938365e+003  3.6770721e+001
  1.3162908e+000  7.9307315e+003  3.1292220e+002
  5.4888403e-001  3.0397642e+003  3.2588672e+001
  3.4214038e-001  1.6464906e+003  7.3486418e+001
  7.0922548e-001  4.2702623e+003  7.2474722e+001
  1.1891762e+000  7.7203783e+003  7.9495201e+001
  2.7744577e-001  1.3868097e+003  2.4642073e-001
  6.3665693e-001  3.6498213e+003  6.1563636e-001
  6.9733400e-001  3.9585196e+003  1.6389796e+002
  1.8395289e+000  1.2267650e+004  1.7459443e+002
  1.3454241e+000  8.5800000e+003  1.7924026e+002
  1.1330341e+000  7.3156386e+003  1.3130735e+002
  1.5368714e+000  1.0440087e+004  2.1273683e+002
  3.8856925e-001  1.9981061e+003  5.0018076e+001
  8.1187572e-003  3.4837315e+001  5.0052244e-001
  8.3455180e-002  3.2636971e+002  1.6206547e+001
  1.2497905e+000  8.0959441e+003  1.5130101e+002
  1.9044663e-001  8.9516442e+002  1.5322412e+001
  1.9112071e+000  1.2822319e+004  3.3249456e+001
  7.7353799e-001  4.6917488e+003  2.1759229e+002
  1.6861402e-001  8.4909510e+002  2.4045885e+001
  1.6575744e+000  1.1339825e+004  5.4678951e+002
  1.2738694e+000  7.9297400e+003  1.6308421e+002
  7.0263734e-001  4.0575236e+003  8.9835200e+001
  7.2792217e-001  3.8497831e+003  3.5895841e+002
  2.1966808e-001  1.0681861e+003  9.8609270e+000
  8.0055950e-001  4.6045765e+003  1.9565439e+002
  1.8154387e+000  1.2632376e+004  2.2313002e+002
  2.0055552e-001  9.8965579e+002  2.9083978e+001
  1.2084184e+000  7.6352317e+003  1.4605960e+002
  7.3955680e-001  4.1283722e+003  1.2657156e+002
  4.5813893e-001  2.5107660e+003  3.4712422e+001
  7.0549262e-001  4.2205423e+003  8.0378314e+001
  1.6722794e+000  1.0967353e+004  1.4552863e+002
  1.4585976e+000  9.2433154e+003  1.6927212e+002
  2.2508111e-001  1.1502486e+003  4.2169561e+001
  7.0354672e-001  4.1693225e+003  7.1456732e+001
  8.6245967e-001  5.1772464e+003  1.1256778e+002
  1.5304258e+000  1.0481995e+004  3.5038238e+002
  1.4977330e+000  9.3315534e+003  4.3838994e+002
  1.9050327e+000  1.2864710e+004  3.3191803e+002
  1.8548673e+000  1.2852777e+004  4.0898997e+002
  9.3858225e-001  5.7922880e+003  8.8670262e+001
  6.3131249e-001  3.2695190e+003  1.8042449e+002
  7.8144107e-001  4.5817947e+003  1.8875156e+002
  2.6921324e-001  1.3363548e+003  3.2091478e+001
  2.9912570e-001  1.5137203e+003  3.8796477e+001
  1.8766620e+000  1.2215104e+004  4.9482713e+002
  1.2806735e+000  8.2731647e+003  1.6844426e+002
  9.4968734e-001  5.7680145e+003  3.9582205e+001
  5.2324754e-001  2.8363464e+003  9.9816629e+001
  1.9758836e+000  1.3314129e+004  1.4821339e+002
  1.3261378e+000  8.5831428e+003  2.3425425e+002
  9.2280977e-001  5.4958549e+003  2.1158579e+002
  5.7681789e-001  3.2442726e+003  1.1092262e+001
  6.8240652e-001  3.9629346e+003  8.7245848e+001
  1.8423222e+000  1.2384350e+004  1.6369802e+002
  1.3025719e+000  8.3853709e+003  4.8152187e+001
  2.4868510e-001  1.3185030e+003  6.5098301e+001
  1.0446326e+000  6.5055973e+003  1.2140276e+002
  1.8393832e+000  1.1480864e+004  4.2343467e+002
  1.6817337e+000  1.0488943e+004  4.6672855e+002
  3.6273472e-001  1.8905052e+003  1.7206263e+001
  1.7109184e-001  8.0958467e+002  4.2750909e+000
  1.0117179e+000  6.1405628e+003  3.3853720e+002
  1.4249230e+000  9.5076336e+003  2.4618800e+002
  1.1798306e+000  7.5261945e+003  4.7272408e+001
  6.3326517e-001  3.6510018e+003  7.3759927e+001
  1.5294721e+000  1.0098908e+004  2.4789107e+002
  1.0336101e+000  6.4310243e+003  1.4137247e+001
  1.4539687e+000  9.5658214e+003  8.7152845e+001
  9.8925088e-001  5.9171541e+003  1.8739878e+002
  8.2508591e-001  4.8449412e+003  1.7644764e+002
  5.7993110e-001  3.2640608e+003  1.6388936e+001
  4.5887151e-001  2.4776032e+003  1.2807877e+001
  1.6813426e+000  1.0979677e+004  1.2983313e+002
  4.5350198e-001  2.4729914e+003  1.0883060e+002
  9.2574388e-001  5.7197433e+003  3.8213467e+001
  1.8419166e+000  1.2012673e+004  2.5872752e+002
  1.3113659e+000  8.5003384e+003  4.2216900e+002
  1.0712020e+000  6.6930193e+003  4.3730494e+001
  3.8582312e-001  2.0280989e+003  8.0567071e-001
  9.0707768e-001  5.1639434e+003  2.1086629e+002
  1.2452797e+000  7.7662151e+003  8.6216558e+001
  1.2944353e+000  8.2230152e+003  2.1827751e+002
  7.4205148e-001  4.5006140e+003  1.4394807e+002
  1.1808468e+000  6.7718599e+003  4.1234353e+002
  1.0130128e+000  6.2678554e+003  1.0935706e+002
